           2  -1.3988567850526747     
           3  -1.4201828671676104     
           4  -1.4348021286005495     
           5  -1.4465606741377579     
           6  -1.4565039387151524     
           7  -1.4653568623957978     
           8  -1.4735004802690137     
           9  -1.4810906609990897     
          10  -1.4882702765544362     
          11  -1.4951040618017160     
          12  -1.5016203690142693     
          13  -1.5078657518519221     
          14  -1.5138523909254178     
          15  -1.5195978206194083     
          16  -1.5251285208365901     
          17  -1.5304585106874931     
          18  -1.5356092281932348     
          19  -1.5405961646493023     
          20  -1.5454311620148393     
          21  -1.5501318257204073     
          22  -1.5547060250592224     
          23  -1.5591674609548276     
          24  -1.5635238063140262     
          25  -1.5677826165234394     
          26  -1.5719512947569403     
          27  -1.5760327478021845     
          28  -1.5800324746967915     
          29  -1.5839572160828399     
          30  -1.5878066293634212     
          31  -1.5915879915638218     
          32  -1.5953029693955920     
          33  -1.5989524945870213     
          34  -1.6025432127899442     
          35  -1.6060750401157611     
          36  -1.6095485463105765     
          37  -1.6129700635214907     
          38  -1.6163370803079309     
          39  -1.6196532990276884     
          40  -1.6229207838328754     
          41  -1.6261388420221161     
          42  -1.6293113710350811     
          43  -1.6324382535455884     
          44  -1.6355190641113118     
          45  -1.6385586006615347     
          46  -1.6415546555729810     
          47  -1.6445092512187331     
          48  -1.6474248650864736     
          49  -1.6502994130910993     
          50  -1.6531360901238181     
          51  -1.6559356892465091     
          52  -1.6586962727572199     
          53  -1.6614222318767187     
          54  -1.6641116322503269     
          55  -1.6667656796097021     
          56  -1.6693858121502940     
          57  -1.6719714091912259     
          58  -1.6745231274216403     
          59  -1.6770425717974025     
          60  -1.6795285196886376     
          61  -1.6819828725332588     
          62  -1.6844054317121469     
          63  -1.6867961831583589     
          64  -1.6891564220764090     
          65  -1.6914856101717188     
          66  -1.6937842419312554     
          67  -1.6960531078310155     
          68  -1.6982916319846362     
          69  -1.7005007926547264     
          70  -1.7026803489128612     
          71  -1.7048305563284987     
          72  -1.7069517859765615     
          73  -1.7090439453479547     
          74  -1.7111069357346254     
          75  -1.7131412868114213     
          76  -1.7151470602517007     
          77  -1.7171234129115514     
          78  -1.7190710286980486     
          79  -1.7209897151972704     
          80  -1.7228796906350448     
          81  -1.7247398606348612     
          82  -1.7265709597010781     
          83  -1.7283724554476299     
          84  -1.7301440892383273     
          85  -1.7318854319397818     
          86  -1.7335971216555759     
          87  -1.7352762803456157     
          88  -1.7369250456476228     
          89  -1.7385437989062833     
          90  -1.7401295781877109     
          91  -1.7416817161592995     
          92  -1.7432041762662758     
          93  -1.7446928935714259     
          94  -1.7461478196635676     
          95  -1.7475708976847524     
          96  -1.7489619790253839     
          97  -1.7503207436799713     
          98  -1.7516441232130826     
          99  -1.7529351530213320     
         100  -1.7541864385197394     
         101  -1.7553831592479525     
